#HI4PI cube SIN_,channel,square l, square b, angle, size
# angle: angle of east side of box compared to the line pointing towards the galactic north (measured increasing to the east) in degrees
# size: approximate length of one side of square in degrees
B03,274,86.957366,-54.90094,40,4.5
B03,370,91.002036,-49.397927,40,4.5
B03,479,80.870197,-51.939292,40,4.5
B03,480,80.870197,-51.939292,40,4.5
B03,481,80.870197,-51.939292,40,4.5
B03,482,80.870197,-51.939292,40,4.5
B03,483,80.870197,-51.939292,40,4.5
B03,484,80.870197,-51.939292,40,4.5
B03,485,80.870197,-51.939292,40,4.5
B03,486,80.870197,-51.939292,40,4.5
B03,479,86.570772,-54.362977,40,4.5
B03,480,86.570772,-54.362977,40,4.5
B03,481,86.570772,-54.362977,40,4.5
B03,482,86.570772,-54.362977,40,4.5
B03,483,86.570772,-54.362977,40,4.5
B03,484,86.570772,-54.362977,40,4.5
B03,485,86.570772,-54.362977,40,4.5
B03,486,86.570772,-54.362977,40,4.5
B03,549,75.051439,-55.287611,40,2.5
B04,484,113.4436,-59.328238,20,4.5
B04,484,122.74762,-60.091822,20,4.5
B04,484,115.31215,-55.054036,20,4.5
B04,484,98.065842,-52.527305,20,4.5
B04,487,105.91983,-53.92078,15,4.5
B04,487,112.99502,-59.524669,15,4.5
B04,488,112.99502,-59.524669,15,4.5
B04,488,103.80328,-58.513459,15,4.5
B04,488,121.59792,-59.899041,15,4.5
B04,489,115.57359,-50.352838,15,4.5
B04,489,108.79911,-49.642348,15,4.5
B05,484,123.49885,-60.02144,80,4.5
B05,485,123.49885,-60.02144,80,4.5
B05,488,123.49885,-60.02144,80,4.5
B06,479,165.87309,-51.652876,60,4.5
B06,480,165.87309,-51.652876,60,4.5
B06,481,165.87309,-51.652876,60,4.5
B06,482,165.87309,-51.652876,60,4.5
B06,544,165.87309,-51.652876,60,4.5
B06,545,165.87309,-51.652876,60,4.5
B06,546,165.87309,-51.652876,60,4.5
B06,547,165.87309,-51.652876,60,4.5
C03,448,61.140987,-43.531009,0,2
C05,370,90.329692,-49.841448,20,4.5
C05,486,94.223415,-45.45409,20,4.5
C05,487,94.223415,-45.45409,20,4.5
C05,488,107.88321,-49.100017,20,4.5
C05,489,107.88321,-49.100017,20,4.5
C05,490,107.88321,-49.100017,20,4.5
C05,489,114.58494,-49.968073,20,4.5
C05,639,95.827991,-35.333636,20,4.5
C06,486,132.81075,-39.95428,0,4.5
C06,487,132.81075,-39.95428,0,4.5
C06,488,132.81075,-39.95428,0,4.5
C06,489,132.81075,-39.95428,0,4.5
C06,490,132.81075,-39.95428,0,4.5
C06,489,116.07286,-49.213908,80,4.5
C06,490,116.07286,-49.213908,80,4.5
C06,489,109.22308,-49.502073,0,4.5
C06,490,109.22308,-49.502073,0,4.5
C06,511,136.12107,-44.535054,0,4.5
C06,512,136.12107,-44.535054,0,4.5
C07,482,151.34417,-35.014459,70,4.5
C07,483,151.34417,-35.014459,70,4.5
C07,484,151.34417,-35.014459,70,4.5
C07,485,151.34417,-35.014459,70,4.5
C07,486,151.34417,-35.014459,70,4.5
C07,509,148.20454,-46.975824,70,4.5
C07,510,148.20454,-46.975824,70,4.5
C07,511,148.20454,-46.975824,70,4.5
C07,512,148.20454,-46.975824,70,4.5
C07,510,159.85605,-42.630382,70,4.5
C07,511,159.85605,-42.630382,70,4.5
C07,510,136.79148,-44.201374,70,4.5
C07,511,136.79148,-44.201374,70,4.5
C07,671,140.18777,-48.619551,70,4.5
C08,511,160.49994,-42.275144,50,4.5
C08,785,171.97078,-41.346341,50,4.5
C08,786,171.97078,-41.346341,50,4.5
C08,787,171.97078,-41.346341,50,4.5
C08,788,171.97078,-41.346341,50,4.5
C08,789,171.97078,-41.346341,50,4.5
C08,790,171.97078,-41.346341,50,4.5
G01,501,16.487883,42.872613,60,4.5
G01,502,16.487883,42.872613,60,4.5
G01,503,16.487883,42.872613,60,4.5
G01,504,16.487883,42.872613,60,4.5
G01,505,16.487883,42.872613,60,4.5
G01,506,16.487883,42.872613,60,4.5
G01,507,16.487883,42.872613,60,4.5
G01,508,16.487883,42.872613,60,4.5
G01,509,16.487883,42.872613,60,4.5
G01,500,19.635316,38.92777,60,4.5
G01,501,19.635316,38.92777,60,4.5
G01,502,19.635316,38.92777,60,4.5
G01,503,19.635316,38.92777,60,4.5
G01,504,19.635316,38.92777,60,4.5
G01,505,19.635316,38.92777,60,4.5
G01,506,19.635316,38.92777,60,4.5
G01,507,19.635316,38.92777,60,4.5
G01,508,19.635316,38.92777,60,4.5
G01,509,19.635316,38.92777,60,4.5
G01,504,20.315994,49.053559,60,4.5
G01,505,20.315994,49.053559,60,4.5
G01,506,20.315994,49.053559,60,4.5
G01,507,20.315994,49.053559,60,4.5
G01,508,20.315994,49.053559,60,4.5
G01,509,20.315994,49.053559,60,4.5
G02,682,41.821633,36.102992,60,4.5
G02,683,41.821633,36.102992,60,4.5
G02,684,41.821633,36.102992,60,4.5
G02,683,46.93441,40.074605,60,4.5
G02,684,46.93441,40.074605,60,4.5
G03,494,53.544421,39.619157,80,4.5
G03,495,53.544421,39.619157,80,4.5
G03,494,53.544421,39.619157,80,4.5
G03,496,53.544421,39.619157,80,4.5
G03,497,53.544421,39.619157,80,4.5
G03,498,53.544421,39.619157,80,4.5
G03,499,53.544421,39.619157,80,4.5
G03,500,53.544421,39.619157,80,4.5
G03,501,53.544421,39.619157,80,4.5
G03,502,53.544421,39.619157,80,4.5
G03,503,53.544421,39.619157,80,4.5
G03,504,53.544421,39.619157,80,4.5
G03,505,53.544421,39.619157,80,4.5
G03,495,56.153176,30.608744,80,4.5
G03,496,56.153176,30.608744,80,4.5
G03,497,56.153176,30.608744,80,4.5
G03,682,46.924137,40.279419,80,4.5
G03,683,46.924137,40.279419,80,4.5
G03,684,46.924137,40.279419,80,4.5
G03,683,42.704403,35.56299,80,4.5
G03,684,42.704403,35.56299,80,4.5
G04,492,73.219241,35.422866,90,4.5
G04,493,73.219241,35.422866,90,4.5
G04,494,73.219241,35.422866,90,4.5
G04,495,73.219241,35.422866,90,4.5
G04,496,73.219241,35.422866,90,4.5
G04,497,73.219241,35.422866,90,4.5
G04,498,73.219241,35.422866,90,4.5
G04,499,73.219241,35.422866,90,4.5
G04,500,73.219241,35.422866,90,4.5
G04,499,73.76693,45.310489,10,4.5
G04,500,73.76693,45.310489,10,4.5
G04,501,73.76693,45.310489,10,4.5
G04,502,73.76693,45.310489,10,4.5
G04,503,73.76693,45.310489,10,4.5
G04,504,73.76693,45.310489,10,4.5
G04,505,73.76693,45.310489,10,4.5
G04,506,73.76693,45.310489,10,4.5
G04,507,73.76693,45.310489,10,4.5
G04,508,73.76693,45.310489,10,4.5
G04,509,73.76693,45.310489,10,4.5
G04,510,73.76693,45.310489,10,4.5
G05,502,105.57918,37.817246,20,4.5
G05,503,105.57918,37.817246,20,4.5
G05,504,105.57918,37.817246,20,4.5
G05,505,105.57918,37.817246,20,4.5
G05,506,105.57918,37.817246,20,4.5
G06,484,131.11711,38.495998,30,4.5
G06,485,131.11711,38.495998,30,4.5
G06,486,131.11711,38.495998,30,4.5
G06,487,131.11711,38.495998,30,4.5
G06,488,131.11711,38.495998,30,4.5
G06,489,131.11711,38.495998,30,4.5
G06,490,131.11711,38.495998,30,4.5
G06,491,131.11711,38.495998,30,4.5
G06,492,131.11711,38.495998,30,4.5
G06,493,131.11711,38.495998,30,4.5
G06,494,131.11711,38.495998,30,4.5
G06,495,131.11711,38.495998,30,4.5
G06,496,131.11711,38.495998,30,4.5
G06,497,131.11711,38.495998,30,4.5
G06,493,131.11711,38.495998,30,4.5
G06,494,131.11711,38.495998,30,4.5
G06,495,131.11711,38.495998,30,4.5
G06,496,131.11711,38.495998,30,4.5
G06,497,131.11711,38.495998,30,4.5
G06,498,131.11711,38.495998,30,4.5
G06,499,131.11711,38.495998,30,4.5
G06,500,131.11711,38.495998,30,4.5
G06,501,131.11711,38.495998,30,4.5
G06,502,131.11711,38.495998,30,4.5
G06,503,131.11711,38.495998,30,4.5
G06,504,131.11711,38.495998,30,4.5
G06,505,131.11711,38.495998,30,4.5
G06,506,131.11711,38.495998,30,4.5
G06,487,128.96242,45.217375,10,4.5
G06,488,128.96242,45.217375,10,4.5
G06,489,128.96242,45.217375,10,4.5
G06,490,128.96242,45.217375,10,4.5
G06,491,128.96242,45.217375,10,4.5
G06,492,128.96242,45.217375,10,4.5
G06,493,128.96242,45.217375,10,4.5
G06,494,128.96242,45.217375,10,4.5
G06,495,128.96242,45.217375,10,4.5
G06,487,121.70549,35.376651,10,4.5
G06,488,121.70549,35.376651,10,4.5
G06,489,121.70549,35.376651,10,4.5
G06,490,121.70549,35.376651,10,4.5
G06,491,121.70549,35.376651,10,4.5
G06,492,121.70549,35.376651,10,4.5
G07,484,148.67085,46.475256,50,4.5
G07,485,148.67085,46.475256,50,4.5
G07,486,148.67085,46.475256,50,4.5
G07,487,148.67085,46.475256,50,4.5
G07,488,148.67085,46.475256,50,4.5
G07,489,148.67085,46.475256,50,4.5
G07,490,148.67085,46.475256,50,4.5
G07,491,148.67085,46.475256,50,4.5
G07,492,148.67085,46.475256,50,4.5
G07,493,148.67085,46.475256,50,4.5
G07,494,148.67085,46.475256,50,4.5
G07,495,148.67085,46.475256,50,4.5
G08,487,162.927,49.826289,80,4.5
G08,488,162.927,49.826289,80,4.5
G08,489,162.927,49.826289,80,4.5
G08,490,162.927,49.826289,80,4.5
G08,487,156.98649,46.211006,80,4.5
G08,488,156.98649,46.211006,80,4.5
G08,489,156.98649,46.211006,80,4.5
G08,498,171.9355,45.033708,80,4.5
G08,499,171.9355,45.033708,80,4.5
G08,500,171.9355,45.033708,80,4.5
G08,501,171.9355,45.033708,80,4.5
G08,502,171.9355,45.033708,80,4.5
G08,503,171.9355,45.033708,80,4.5
G08,504,171.9355,45.033708,80,4.5
G09,496,216.87876,48.225772,10,4.5
G09,497,216.87876,48.225772,10,4.5
G09,498,216.87876,48.225772,10,4.5
G09,499,225.07101,38.92658,10,4.5
G09,500,225.07101,38.92658,10,4.5
G09,501,225.07101,38.92658,10,4.5
G09,502,225.07101,38.92658,10,4.5
G09,503,225.07101,38.92658,10,4.5
G11,498,225.42572,38.890687,40,4.5
G11,499,225.42572,38.890687,40,4.5
G11,500,225.42572,38.890687,40,4.5
G11,501,225.42572,38.890687,40,4.5
G11,502,225.42572,38.890687,40,4.5
G11,503,225.42572,38.890687,40,4.5
H01,490,10.992942,68.639302,70,4.5
H01,491,10.992942,68.639302,70,4.5
H01,492,10.992942,68.639302,70,4.5
H01,493,10.992942,68.639302,70,4.5
H01,494,10.992942,68.639302,70,4.5
H01,495,10.992942,68.639302,70,4.5
H01,496,10.992942,68.639302,70,4.5
H01,497,10.992942,68.639302,70,4.5
H01,498,10.992942,68.639302,70,4.5
H01,499,10.992942,68.639302,70,4.5
H01,500,10.992942,68.639302,70,4.5
H01,501,10.992942,68.639302,70,4.5
H01,502,10.992942,68.639302,70,4.5
H01,503,10.992942,68.639302,70,4.5
H01,504,10.992942,68.639302,70,4.5
H01,505,10.992942,68.639302,70,4.5
H01,506,10.992942,68.639302,70,4.5
H01,507,10.992942,68.639302,70,4.5
H01,508,10.992942,68.639302,70,4.5
H01,509,10.992942,68.639302,70,4.5
H01,510,10.992942,68.639302,70,4.5
H01,511,10.992942,68.639302,70,4.5
H01,487,32.425941,58.200467,70,4.5
H01,488,32.425941,58.200467,70,4.5
H01,489,32.425941,58.200467,70,4.5
H01,500,32.425941,58.200467,70,4.5
H01,501,32.425941,58.200467,70,4.5
H01,502,32.425941,58.200467,70,4.5
H01,503,32.425941,58.200467,70,4.5
H01,503,351.83958,62.825592,70,4.5
H01,560,351.83958,62.825592,70,4.5
H01,505,18.04111,51.9142,70,4.5
H01,506,18.04111,51.9142,70,4.5
H01,507,18.04111,51.9142,70,4.5
H02,562,50.915585,59.935074,70,4.5
H02,531,43.076055,54.207898,85,4.5
H02,530,43.076055,54.207898,85,4.5
H02,529,43.076055,54.207898,85,4.5
H02,528,43.076055,54.207898,85,4.5
H02,527,43.076055,54.207898,85,4.5
H02,526,43.076055,54.207898,85,4.5
H02,525,43.076055,54.207898,85,4.5
H02,524,43.076055,54.207898,85,4.5
H02,523,43.076055,54.207898,85,4.5
H02,522,43.076055,54.207898,85,4.5
H02,521,43.076055,54.207898,85,4.5
H02,520,43.076055,54.207898,85,4.5
H02,519,43.076055,54.207898,85,4.5
H02,531,61.220662,61.887051,85,4.5
H02,530,61.220662,61.887051,85,4.5
H02,529,61.220662,61.887051,85,4.5
H02,528,61.220662,61.887051,85,4.5
H02,527,61.220662,61.887051,85,4.5
H02,526,61.220662,61.887051,85,4.5
H02,525,61.220662,61.887051,85,4.5
H02,524,61.220662,61.887051,85,4.5
H02,523,61.220662,61.887051,85,4.5
H02,522,61.220662,61.887051,85,4.5
H02,513,59.711825,56.842781,85,4.5
H02,512,59.711825,56.842781,85,4.5
H02,511,59.711825,56.842781,85,4.5
H02,510,59.711825,56.842781,85,4.5
H02,509,59.711825,56.842781,85,4.5
H02,508,59.711825,56.842781,85,4.5
H02,505,50.886043,59.769069,85,4.5
H02,504,50.886043,59.769069,85,4.5
H02,503,50.886043,59.769069,85,4.5
H02,502,50.886043,59.769069,85,4.5
H02,501,50.886043,59.769069,85,4.5
H02,500,50.886043,59.769069,85,4.5
H02,499,50.886043,59.769069,85,4.5
H02,481,50.886043,59.769069,85,4.5
H02,480,50.886043,59.769069,85,4.5
H02,479,50.886043,59.769069,85,4.5
H02,493,32.019584,58.148005,85,4.5
H02,492,32.019584,58.148005,85,4.5
H02,491,32.019584,58.148005,85,4.5
H02,490,32.019584,58.148005,85,4.5
H02,489,32.019584,58.148005,85,4.5
H02,488,32.019584,58.148005,85,4.5
H02,487,32.019584,58.148005,85,4.5
H03,514,85.809374,69.811489,45,4.5
H03,513,85.809374,69.811489,45,4.5
H03,512,85.809374,69.811489,45,4.5
H03,511,85.809374,69.811489,45,4.5
H03,510,85.809374,69.811489,45,4.5
H03,509,85.809374,69.811489,45,4.5
H03,508,85.809374,69.811489,45,4.5
H03,507,85.809374,69.811489,45,4.5
H03,506,85.809374,69.811489,45,4.5
H03,505,85.809374,69.811489,45,4.5
H03,504,85.809374,69.811489,45,4.5
H03,503,85.809374,69.811489,45,4.5
H03,502,85.809374,69.811489,45,4.5
H03,501,85.809374,69.811489,45,4.5
H03,499,85.809374,69.811489,45,4.5
H03,498,85.809374,69.811489,45,4.5
H03,497,85.809374,69.811489,45,4.5
H03,496,85.809374,69.811489,45,4.5
H03,495,85.809374,69.811489,45,4.5
H03,494,85.809374,69.811489,45,4.5
H03,493,85.809374,69.811489,45,4.5
H03,492,85.809374,69.811489,45,4.5
H03,491,85.809374,69.811489,45,4.5
H03,490,85.809374,69.811489,45,4.5
H03,534,61.470885,62.004886,30,4.5
H03,533,61.470885,62.004886,30,4.5
H03,532,61.470885,62.004886,30,4.5
H03,531,61.470885,62.004886,30,4.5
H03,530,61.470885,62.004886,30,4.5
H03,529,61.470885,62.004886,30,4.5
H03,528,61.470885,62.004886,30,4.5
H03,527,61.470885,62.004886,30,4.5
H03,526,61.470885,62.004886,30,4.5
H03,525,61.470885,62.004886,30,4.5
H03,524,61.470885,62.004886,30,4.5
H03,523,61.470885,62.004886,30,4.5
H03,522,61.470885,62.004886,30,4.5
H03,502,59.838465,56.786366,30,4.5
H03,503,59.838465,56.786366,30,4.5
H04,70,120.79345,55.373022,70,4.5
H04,71,120.79345,55.373022,70,4.5
H04,140,120.79345,55.373022,70,4.5
H04,141,120.79345,55.373022,70,4.5
H04,142,120.79345,55.373022,70,4.5
H04,558,95.302247,66.468962,70,4.5
H04,557,95.302247,66.468962,70,4.5
H04,556,95.302247,66.468962,70,4.5
H04,555,95.302247,66.468962,70,4.5
H04,554,95.302247,66.468962,70,4.5
H04,553,95.302247,66.468962,70,4.5
H04,552,95.302247,66.468962,70,4.5
H04,499,95.302247,66.468962,70,4.5
H04,498,95.302247,66.468962,70,4.5
H04,497,95.302247,66.468962,70,4.5
H04,496,95.302247,66.468962,70,4.5
H04,495,95.302247,66.468962,70,4.5
H04,494,95.302247,66.468962,70,4.5
H04,487,86.596879,69.926627,70,4.5
H04,488,86.596879,69.926627,70,4.5
H04,489,86.596879,69.926627,70,4.5
H04,490,86.596879,69.926627,70,4.5
H04,491,86.596879,69.926627,70,4.5
H04,492,86.596879,69.926627,70,4.5
H04,493,86.596879,69.926627,70,4.5
H04,494,86.596879,69.926627,70,4.5
H04,495,86.596879,69.926627,70,4.5
H04,496,86.596879,69.926627,70,4.5
H04,497,86.596879,69.926627,70,4.5
H04,498,86.596879,69.926627,70,4.5
H04,499,86.596879,69.926627,70,4.5
H04,500,86.596879,69.926627,70,4.5
H04,501,86.596879,69.926627,70,4.5
H04,502,86.596879,69.926627,70,4.5
H04,503,86.596879,69.926627,70,4.5
H04,504,86.596879,69.926627,70,4.5
H04,505,86.596879,69.926627,70,4.5
H04,506,86.596879,69.926627,70,4.5
H04,507,86.596879,69.926627,70,4.5
H04,525,125.51032,64.906124,70,4.5
H04,524,125.51032,64.906124,70,4.5
H04,523,125.51032,64.906124,70,4.5
H04,522,125.51032,64.906124,70,4.5
H04,521,125.51032,64.906124,70,4.5
H04,520,125.51032,64.906124,70,4.5
H04,519,125.51032,64.906124,70,4.5
H04,518,125.51032,64.906124,70,4.5
H04,517,125.51032,64.906124,70,4.5
H04,516,125.51032,64.906124,70,4.5
H04,515,125.51032,64.906124,70,4.5
H04,514,125.51032,64.906124,70,4.5
H04,513,125.51032,64.906124,70,4.5
H04,512,125.51032,64.906124,70,4.5
H04,491,93.371383,51.114753,50,4.5
H04,492,93.371383,51.114753,50,4.5
H04,493,93.371383,51.114753,50,4.5
H04,494,93.371383,51.114753,50,4.5
H04,495,93.371383,51.114753,50,4.5
H04,490,109.77081,69.05967,70,4.5
H04,491,109.77081,69.05967,70,4.5
H04,492,109.77081,69.05967,70,4.5
H04,493,109.77081,69.05967,70,4.5
H04,494,109.77081,69.05967,70,4.5
H04,495,109.77081,69.05967,70,4.5
H04,516,109.77081,69.05967,70,4.5
H04,517,109.77081,69.05967,70,4.5
H04,518,109.77081,69.05967,70,4.5
H04,519,109.77081,69.05967,70,4.5
H04,520,109.77081,69.05967,70,4.5
H04,521,109.77081,69.05967,70,4.5
H04,522,109.77081,69.05967,70,4.5
H04,523,109.77081,69.05967,70,4.5
H04,524,109.77081,69.05967,70,4.5
H05,70,121.73517,55.436579,0,4.5
H05,71,121.73517,55.436579,0,4.5
H05,489,130.32078,54.588579,20,4.5
H05,490,130.32078,54.588579,20,4.5
H05,491,130.32078,54.588579,20,4.5
H05,492,130.32078,54.588579,20,4.5
H05,493,130.32078,54.588579,20,4.5
H05,494,130.32078,54.588579,20,4.5
H05,495,130.32078,54.588579,20,4.5
H05,496,130.32078,54.588579,20,4.5
H05,497,130.32078,54.588579,20,4.5
H05,498,130.32078,54.588579,20,4.5
H05,500,130.32078,54.588579,20,4.5
H05,501,130.32078,54.588579,20,4.5
H05,502,130.32078,54.588579,20,4.5
H05,503,130.32078,54.588579,20,4.5
H05,504,130.32078,54.588579,20,4.5
H05,505,130.32078,54.588579,20,4.5
H05,506,130.32078,54.588579,20,4.5
H05,507,130.32078,54.588579,20,4.5
H05,508,130.32078,54.588579,20,4.5
H05,509,130.32078,54.588579,20,4.5
H05,510,130.32078,54.588579,20,4.5
H05,490,137.69961,52.975035,20,4.5
H05,491,137.69961,52.975035,20,4.5
H05,492,137.69961,52.975035,20,4.5
H05,493,137.69961,52.975035,20,4.5
H05,494,137.69961,52.975035,20,4.5
H05,495,137.69961,52.975035,20,4.5
H05,496,137.69961,52.975035,20,4.5
H05,497,137.69961,52.975035,20,4.5
H05,502,137.69961,52.975035,20,4.5
H05,503,137.69961,52.975035,20,4.5
H05,504,137.69961,52.975035,20,4.5
H05,505,137.69961,52.975035,20,4.5
H05,506,137.69961,52.975035,20,4.5
H05,507,137.69961,52.975035,20,4.5
H05,508,137.69961,52.975035,20,4.5
H05,509,137.69961,52.975035,20,4.5
H05,510,137.69961,52.975035,20,4.5
H05,511,137.69961,52.975035,20,4.5
H05,512,137.69961,52.975035,20,4.5
H05,513,137.69961,52.975035,20,4.5
H05,514,137.69961,52.975035,20,4.5
H05,497,132.2967,59.414343,20,4.5
H05,498,132.2967,59.414343,20,4.5
H05,499,132.2967,59.414343,20,4.5
H05,500,132.2967,59.414343,20,4.5
H05,501,132.2967,59.414343,20,4.5
H05,502,132.2967,59.414343,20,4.5
H05,503,132.2967,59.414343,20,4.5
H05,507,132.2967,59.414343,20,4.5
H05,508,132.2967,59.414343,20,4.5
H05,509,132.2967,59.414343,20,4.5
H05,510,132.2967,59.414343,20,4.5
H05,511,132.2967,59.414343,20,4.5
H05,512,132.2967,59.414343,20,4.5
H05,552,129.97149,55.077066,20,4.5
H05,553,129.97149,55.077066,20,4.5
H05,554,129.97149,55.077066,20,4.5
H05,555,129.97149,55.077066,20,4.5
H05,522,125.33555,65.153494,10,4.5
H05,521,125.33555,65.153494,10,4.5
H05,520,125.33555,65.153494,10,4.5
H05,519,125.33555,65.153494,10,4.5
H05,518,125.33555,65.153494,10,4.5
H05,517,125.33555,65.153494,10,4.5
H05,516,125.33555,65.153494,10,4.5
H05,515,125.33555,65.153494,10,4.5
H05,514,125.33555,65.153494,10,4.5
H05,514,135.85121,63.859622,20,4.5
H05,515,135.85121,63.859622,20,4.5
H05,516,135.85121,63.859622,20,4.5
H05,517,135.85121,63.859622,20,4.5
H05,518,135.85121,63.859622,20,4.5
H05,519,135.85121,63.859622,20,4.5
H05,520,135.85121,63.859622,20,4.5
H05,487,148.48164,53.874701,20,4.5
H05,488,148.48164,53.874701,20,4.5
H05,489,148.48164,53.874701,20,4.5
H05,490,148.48164,53.874701,20,4.5
H05,518,109.21632,69.138644,0,4.5
H05,519,109.21632,69.138644,0,4.5
H05,520,109.21632,69.138644,0,4.5
H06,488,162.57145,50.580104,70,4.5
H06,489,162.57145,50.580104,70,4.5
H06,490,162.57145,50.580104,70,4.5
H06,488,149.66522,54.534148,70,4.5
H06,489,149.66522,54.534148,70,4.5
H06,490,149.66522,54.534148,70,4.5
H06,493,160.88432,69.228588,70,4.5
H06,494,160.88432,69.228588,70,4.5
H06,502,149.66522,54.534148,70,4.5
H06,503,149.66522,54.534148,70,4.5
H06,504,149.66522,54.534148,70,4.5
H06,505,149.66522,54.534148,70,4.5
H06,506,149.66522,54.534148,70,4.5
H06,507,149.66522,54.534148,70,4.5
H06,508,149.66522,54.534148,70,4.5
H06,509,149.66522,54.534148,70,4.5
H06,510,149.66522,54.534148,70,4.5
H06,511,149.66522,54.534148,70,4.5
H06,514,149.66522,54.534148,70,4.5
H06,515,149.66522,54.534148,70,4.5
H06,491,175.94922,71.007745,50,2.5
H06,492,175.94922,71.007745,50,2.5
H06,496,175.94922,71.007745,50,2.5
H06,497,175.94922,71.007745,50,2.5
H06,498,175.94922,71.007745,50,2.5
H06,499,175.94922,71.007745,50,2.5
H06,500,175.94922,71.007745,50,2.5
H06,501,175.94922,71.007745,50,2.5
H06,505,175.94922,71.007745,50,2.5
H06,506,175.94922,71.007745,50,2.5
H06,507,175.94922,71.007745,50,2.5
H06,508,175.94922,71.007745,50,2.5
H06,509,175.94922,71.007745,50,2.5
H06,510,175.94922,71.007745,50,2.5
H06,511,175.94922,71.007745,50,2.5
H06,512,175.94922,71.007745,50,2.5
H06,513,175.94922,71.007745,50,2.5
H06,514,175.94922,71.007745,50,2.5
H06,515,175.94922,71.007745,50,2.5
H06,516,175.94922,71.007745,50,2.5
H06,517,175.94922,71.007745,50,2.5
H06,518,175.94922,71.007745,50,2.5
H06,519,175.94922,71.007745,50,2.5
H07,511,177.06169,70.840363,70,2.5
H07,512,177.06169,70.840363,70,2.5
H07,513,177.06169,70.840363,70,2.5
H07,514,177.06169,70.840363,70,2.5
H07,515,177.06169,70.840363,70,2.5
H07,516,177.06169,70.840363,70,2.5
H07,517,177.06169,70.840363,70,2.5
H07,518,177.06169,70.840363,70,2.5
H07,511,190.06626,72.785554,70,2.5
H09,543,246.54649,51.562974,40,5.0
H09,544,246.54649,51.562974,40,5.0
H09,545,246.54649,51.562974,40,5.0
H09,546,246.54649,51.562974,40,5.0
H09,545,251.82383,54.724314,40,5.0
H09,546,251.82383,54.724314,40,5.0
H09,547,251.82383,54.724314,40,5.0
H09,821,253.95440,56.087579,40,4.5
H11,153,330.70796,68.242275,15,4.5
H11,154,335.04631,61.901952,15,4.5
H11,500,325.30946,63.969063,15,4.5
H11,501,325.30946,63.969063,15,4.5
H11,502,325.30946,63.969063,15,4.5
H11,503,325.30946,63.969063,15,4.5
H11,504,325.30946,63.969063,15,4.5
H11,505,325.30946,63.969063,15,4.5
H11,506,325.30946,63.969063,15,4.5
H11,507,325.30946,63.969063,15,4.5
H11,508,325.30946,63.969063,15,4.5
H11,509,325.30946,63.969063,15,4.5
H11,500,330.70796,68.242275,15,4.5
H11,501,330.70796,68.242275,15,4.5
H11,502,330.70796,68.242275,15,4.5
H11,503,330.70796,68.242275,15,4.5
H11,504,330.70796,68.242275,15,4.5
H11,505,330.70796,68.242275,15,4.5
H11,506,330.70796,68.242275,15,4.5
H11,507,330.70796,68.242275,15,4.5
H11,508,330.70796,68.242275,15,4.5
H11,509,330.70796,68.242275,15,4.5
H11,558,291.19742,64.147323,15,2.5
H11,559,291.19742,64.147323,15,2.5
H12,83,350.95583,55.410494,30,4.5
H12,153,331.56502,68.518199,30,4.5
H12,154,335.46650,61.406276,30,4.5
H12,494,350.08015,63.147658,30,4.5
H12,495,350.08015,63.147658,30,4.5
H12,496,350.08015,63.147658,30,4.5
H12,497,350.08015,63.147658,30,4.5
H12,498,350.08015,63.147658,30,4.5
H12,499,350.08015,63.147658,30,4.5
H12,500,350.08015,63.147658,30,4.5
H12,501,350.08015,63.147658,30,4.5
H12,502,350.08015,63.147658,30,4.5
H12,503,350.08015,63.147658,30,4.5
H12,504,350.08015,63.147658,30,4.5
H12,505,350.08015,63.147658,30,4.5
H12,506,350.08015,63.147658,30,4.5
H12,507,350.08015,63.147658,30,4.5
H12,508,350.08015,63.147658,30,4.5
H12,557,350.08015,63.147658,30,4.5
H12,558,350.08015,63.147658,30,4.5
H12,559,350.08015,63.147658,30,4.5
H12,560,350.08015,63.147658,30,4.5
H12,561,350.08015,63.147658,30,4.5
H12,562,350.08015,63.147658,30,4.5
H12,563,350.08015,63.147658,30,4.5
H12,508,350.08015,63.147658,30,4.5
H12,500,9.8561009,69.227084,30,4.5
H12,501,9.8561009,69.227084,30,4.5
H12,502,9.8561009,69.227084,30,4.5
H12,503,9.8561009,69.227084,30,4.5
H12,504,9.8561009,69.227084,30,4.5
H12,500,330.56594,68.611997,30,4.5
H12,501,330.56594,68.611997,30,4.5
H12,502,330.56594,68.611997,30,4.5
H12,503,330.56594,68.611997,30,4.5
H12,504,330.56594,68.611997,30,4.5
H12,505,330.56594,68.611997,30,4.5
H12,506,330.56594,68.611997,30,4.5
H12,507,330.56594,68.611997,30,4.5
H12,500,326.95289,64.261250,30,4.5
H12,501,326.95289,64.261250,30,4.5
H12,502,326.95289,64.261250,30,4.5
H12,503,326.95289,64.261250,30,4.5
H12,504,326.95289,64.261250,30,4.5
H12,505,326.95289,64.261250,30,4.5
H12,506,326.95289,64.261250,30,4.5
H12,507,326.95289,64.261250,30,4.5
H12,499,346.15587,52.203894,30,2.5
H12,500,346.15587,52.203894,30,2.5
H12,501,346.15587,52.203894,30,2.5
H12,502,346.15587,52.203894,30,2.5
H12,503,346.15587,52.203894,30,2.5
H12,504,346.15587,52.203894,30,2.5
H12,505,346.15587,52.203894,30,2.5
H12,506,346.15587,52.203894,30,2.5
H12,507,346.15587,52.203894,30,2.5
H12,564,346.15587,52.203894,30,2.5
I01,129,14.289302,77.491120,00,4.5
I01,288,312.48360,85.251200,00,4.5
I01,289,312.48360,85.251200,00,4.5
I01,363,36.057661,78.551994,70,4.5
I01,422,60.054833,74.215814,70,4.5
I01,423,60.054833,74.215814,70,4.5
I01,424,60.054833,74.215814,70,4.5
I01,482,84.806157,83.429555,70,4.5
I01,483,84.806157,83.429555,70,4.5
I01,484,84.806157,83.429555,70,4.5
I01,485,84.806157,83.429555,70,4.5
I01,486,84.806157,83.429555,70,4.5
I01,487,84.806157,83.429555,70,4.5
I01,488,84.806157,83.429555,70,4.5
I01,489,84.806157,83.429555,70,4.5
I01,490,84.806157,83.429555,70,4.5
I01,491,84.806157,83.429555,70,4.5
I01,492,84.806157,83.429555,70,4.5
I01,493,84.806157,83.429555,70,4.5
I01,494,84.806157,83.429555,70,4.5
I01,495,84.806157,83.429555,70,4.5
I01,496,84.806157,83.429555,70,4.5
I01,497,84.806157,83.429555,70,4.5
I01,498,84.806157,83.429555,70,4.5
I01,499,84.806157,83.429555,70,4.5
I01,500,84.806157,83.429555,70,4.5
I01,501,84.806157,83.429555,70,4.5
I01,502,84.806157,83.429555,70,4.5
I01,503,84.806157,83.429555,70,4.5
I01,504,84.806157,83.429555,70,4.5
I01,505,84.806157,83.429555,70,4.5
I01,506,84.806157,83.429555,70,4.5
I01,507,84.806157,83.429555,70,4.5
I01,508,84.806157,83.429555,70,4.5
I01,509,84.806157,83.429555,70,4.5
I01,514,84.806157,83.429555,70,4.5
I01,515,84.806157,83.429555,70,4.5
I01,516,84.806157,83.429555,70,4.5
I01,517,84.806157,83.429555,70,4.5
I01,518,84.806157,83.429555,70,4.5
I01,519,84.806157,83.429555,70,4.5
I01,520,84.806157,83.429555,70,4.5
I01,521,84.806157,83.429555,70,4.5
I01,522,84.806157,83.429555,70,4.5
I01,523,84.806157,83.429555,70,4.5
I01,524,84.806157,83.429555,70,4.5
I01,525,84.806157,83.429555,70,4.5
I01,526,84.806157,83.429555,70,4.5
I01,482,353.1678,81.213964,70,4.5
I01,483,353.1678,81.213964,70,4.5
I01,484,353.1678,81.213964,70,4.5
I01,485,353.1678,81.213964,70,4.5
I01,486,353.1678,81.213964,70,4.5
I01,487,353.1678,81.213964,70,4.5
I01,488,353.1678,81.213964,70,4.5
I01,489,353.1678,81.213964,70,4.5
I01,490,353.1678,81.213964,70,4.5
I01,491,353.1678,81.213964,70,4.5
I01,482,353.80883,75.904445,70,4.5
I01,483,353.80883,75.904445,70,4.5
I01,484,353.80883,75.904445,70,4.5
I01,485,353.80883,75.904445,70,4.5
I01,486,353.80883,75.904445,70,4.5
I01,487,353.80883,75.904445,70,4.5
I01,488,353.80883,75.904445,70,4.5
I01,489,353.80883,75.904445,70,4.5
I01,490,353.80883,75.904445,70,4.5
I01,491,353.80883,75.904445,70,4.5
I01,482,10.791664,68.983839,70,4.5
I01,483,10.791664,68.983839,70,4.5
I01,484,10.791664,68.983839,70,4.5
I01,485,10.791664,68.983839,70,4.5
I01,486,10.791664,68.983839,70,4.5
I01,487,10.791664,68.983839,70,4.5
I01,488,10.791664,68.983839,70,4.5
I01,489,10.791664,68.983839,70,4.5
I01,490,10.791664,68.983839,70,4.5
I01,491,10.791664,68.983839,70,4.5
I01,492,10.791664,68.983839,70,4.5
I01,493,10.791664,68.983839,70,4.5
I01,494,10.791664,68.983839,70,4.5
I01,495,10.791664,68.983839,70,4.5
I01,496,10.791664,68.983839,70,4.5
I01,497,10.791664,68.983839,70,4.5
I01,498,10.791664,68.983839,70,4.5
I01,499,10.791664,68.983839,70,4.5
I01,500,10.791664,68.983839,70,4.5
I01,501,10.791664,68.983839,70,4.5
I01,502,10.791664,68.983839,70,4.5
I01,503,10.791664,68.983839,70,4.5
I01,504,10.791664,68.983839,70,4.5
I01,505,10.791664,68.983839,70,4.5
I01,506,10.791664,68.983839,70,4.5
I01,507,10.791664,68.983839,70,4.5
I01,508,10.791664,68.983839,70,4.5
I01,509,10.791664,68.983839,70,4.5
I01,510,10.791664,68.983839,70,4.5
I01,482,38.388532,77.946598,70,4.5
I01,493,38.388532,77.946598,70,4.5
I01,494,38.388532,77.946598,70,4.5
I01,495,38.388532,77.946598,70,4.5
I01,496,38.388532,77.946598,70,4.5
I01,497,38.388532,77.946598,70,4.5
I01,498,38.388532,77.946598,70,4.5
I01,499,38.388532,77.946598,70,4.5
I01,500,38.388532,77.946598,70,4.5
I01,501,38.388532,77.946598,70,4.5
I01,502,38.388532,77.946598,70,4.5
I01,503,38.388532,77.946598,70,4.5
I01,504,38.388532,77.946598,70,4.5
I01,505,38.388532,77.946598,70,4.5
I02,196,101.91949,78.321116,0,4.5
I02,197,101.91949,78.321116,0,4.5
I02,484,85.73671,69.842158,30,4.5
I02,485,85.73671,69.842158,30,4.5
I02,486,85.73671,69.842158,30,4.5
I02,487,85.73671,69.842158,30,4.5
I02,488,85.73671,69.842158,30,4.5
I02,489,85.73671,69.842158,30,4.5
I02,490,85.73671,69.842158,30,4.5
I02,491,85.73671,69.842158,30,4.5
I02,492,85.73671,69.842158,30,4.5
I02,493,85.73671,69.842158,30,4.5
I02,494,85.73671,69.842158,30,4.5
I02,495,85.73671,69.842158,30,4.5
I02,496,85.73671,69.842158,30,4.5
I02,497,85.73671,69.842158,30,4.5
I02,498,85.73671,69.842158,30,4.5
I02,499,85.73671,69.842158,30,4.5
I02,500,85.73671,69.842158,30,4.5
I02,501,85.73671,69.842158,30,4.5
I02,502,85.73671,69.842158,30,4.5
I02,503,85.73671,69.842158,30,4.5
I02,504,85.73671,69.842158,30,4.5
I02,505,85.73671,69.842158,30,4.5
I02,506,85.73671,69.842158,30,4.5
I02,507,85.73671,69.842158,30,4.5
I02,508,85.73671,69.842158,30,4.5
I02,509,85.73671,69.842158,30,4.5
I02,510,85.73671,69.842158,30,4.5
I02,511,85.73671,69.842158,30,4.5
I02,512,85.73671,69.842158,30,4.5
I02,513,85.73671,69.842158,30,4.5
I02,514,85.73671,69.842158,30,4.5
I02,515,85.73671,69.842158,30,4.5
I02,516,85.73671,69.842158,30,4.5
I02,484,70.166254,71.571794,30,4.5
I02,485,70.166254,71.571794,30,4.5
I02,486,70.166254,71.571794,30,4.5
I02,487,70.166254,71.571794,30,4.5
I02,488,70.166254,71.571794,30,4.5
I02,489,70.166254,71.571794,30,4.5
I02,490,70.166254,71.571794,30,4.5
I02,523,70.166254,71.571794,30,4.5
I02,524,70.166254,71.571794,30,4.5
I02,525,70.166254,71.571794,30,4.5
I02,484,87.064169,83.268873,30,4.5
I02,485,87.064169,83.268873,30,4.5
I02,486,87.064169,83.268873,30,4.5
I02,487,87.064169,83.268873,30,4.5
I02,488,87.064169,83.268873,30,4.5
I02,489,87.064169,83.268873,30,4.5
I02,490,87.064169,83.268873,30,4.5
I02,491,87.064169,83.268873,30,4.5
I02,492,87.064169,83.268873,30,4.5
I02,493,87.064169,83.268873,30,4.5
I02,494,87.064169,83.268873,30,4.5
I02,495,87.064169,83.268873,30,4.5
I02,496,87.064169,83.268873,30,4.5
I02,497,87.064169,83.268873,30,4.5
I02,498,87.064169,83.268873,30,4.5
I02,499,87.064169,83.268873,30,4.5
I02,500,87.064169,83.268873,30,4.5
I02,501,87.064169,83.268873,30,4.5
I02,502,87.064169,83.268873,30,4.5
I02,503,87.064169,83.268873,30,4.5
I02,504,87.064169,83.268873,30,4.5
I02,505,87.064169,83.268873,30,4.5
I02,506,87.064169,83.268873,30,4.5
I02,507,87.064169,83.268873,30,4.5
I02,508,87.064169,83.268873,30,4.5
I02,509,87.064169,83.268873,30,4.5
I02,510,87.064169,83.268873,30,4.5
I02,511,87.064169,83.268873,30,4.5
I02,514,87.064169,83.268873,30,4.5
I02,515,87.064169,83.268873,30,4.5
I02,516,87.064169,83.268873,30,4.5
I02,517,87.064169,83.268873,30,4.5
I02,518,87.064169,83.268873,30,4.5
I02,519,87.064169,83.268873,30,4.5
I02,520,87.064169,83.268873,30,4.5
I02,521,87.064169,83.268873,30,4.5
I02,522,87.064169,83.268873,30,4.5
I02,523,87.064169,83.268873,30,4.5
I02,524,87.064169,83.268873,30,4.5
I02,525,87.064169,83.268873,30,4.5
I02,526,87.064169,83.268873,30,4.5
I02,484,98.397466,78.429144,30,4.5
I02,485,98.397466,78.429144,30,4.5
I02,486,98.397466,78.429144,30,4.5
I02,487,98.397466,78.429144,30,4.5
I02,488,98.397466,78.429144,30,4.5
I02,489,98.397466,78.429144,30,4.5
I02,490,98.397466,78.429144,30,4.5
I02,491,98.397466,78.429144,30,4.5
I02,492,98.397466,78.429144,30,4.5
I02,493,98.397466,78.429144,30,4.5
I02,494,98.397466,78.429144,30,4.5
I02,495,98.397466,78.429144,30,4.5
I02,498,98.397466,78.429144,30,4.5
I02,499,98.397466,78.429144,30,4.5
I02,504,98.397466,78.429144,30,4.5
I02,505,98.397466,78.429144,30,4.5
I02,506,98.397466,78.429144,30,4.5
I02,507,98.397466,78.429144,30,4.5
I02,508,98.397466,78.429144,30,4.5
I02,509,98.397466,78.429144,30,4.5
I02,510,98.397466,78.429144,30,4.5
I02,511,98.397466,78.429144,30,4.5
I02,512,98.397466,78.429144,30,4.5
I02,513,98.397466,78.429144,30,4.5
I02,514,98.397466,78.429144,30,4.5
I02,490,37.776681,78.42464,40,4.5
I02,491,37.776681,78.42464,40,4.5
I02,492,37.776681,78.42464,40,4.5
I02,493,37.776681,78.42464,40,4.5
I02,494,37.776681,78.42464,40,4.5
I02,495,37.776681,78.42464,40,4.5
I02,496,37.776681,78.42464,40,4.5
I02,497,37.776681,78.42464,40,4.5
I02,498,37.776681,78.42464,40,4.5
I02,499,37.776681,78.42464,40,4.5
I02,500,37.776681,78.42464,40,4.5
I02,501,37.776681,78.42464,40,4.5
I02,502,37.776681,78.42464,40,4.5
I02,503,37.776681,78.42464,40,4.5
I02,504,37.776681,78.42464,40,4.5
I02,505,37.776681,78.42464,40,4.5
I02,506,37.776681,78.42464,40,4.5
I03,481,148.44816,78.346464,0,4.5
I03,482,148.44816,78.346464,0,4.5
I03,483,148.44816,78.346464,0,4.5
I03,484,148.44816,78.346464,0,4.5
I03,485,148.44816,78.346464,0,4.5
I03,486,148.44816,78.346464,0,4.5
I03,487,148.44816,78.346464,0,4.5
I03,488,148.44816,78.346464,0,4.5
I03,489,148.44816,78.346464,0,4.5
I03,490,148.44816,78.346464,0,4.5
I03,491,148.44816,78.346464,0,4.5
I03,492,148.44816,78.346464,0,4.5
I03,493,148.44816,78.346464,0,4.5
I03,494,148.44816,78.346464,0,4.5
I03,495,148.44816,78.346464,0,4.5
I03,496,148.44816,78.346464,0,4.5
I03,497,148.44816,78.346464,0,4.5
I03,498,148.44816,78.346464,0,4.5
I03,499,148.44816,78.346464,0,4.5
I03,500,148.44816,78.346464,0,4.5
I03,501,148.44816,78.346464,0,4.5
I03,523,148.44816,78.346464,0,4.5
I03,524,148.44816,78.346464,0,4.5
I03,525,148.44816,78.346464,0,4.5
I03,526,148.44816,78.346464,0,4.5
I03,527,148.44816,78.346464,0,4.5
I03,481,135.70514,70.030015,0,4.5
I03,482,135.70514,70.030015,0,4.5
I03,483,135.70514,70.030015,0,4.5
I03,484,135.70514,70.030015,0,4.5
I03,485,135.70514,70.030015,0,4.5
I03,486,135.70514,70.030015,0,4.5
I03,487,135.70514,70.030015,0,4.5
I03,488,135.70514,70.030015,0,4.5
I03,489,135.70514,70.030015,0,4.5
I03,481,90.495635,82.565697,0,4.5
I03,482,90.495635,82.565697,0,4.5
I03,483,90.495635,82.565697,0,4.5
I03,484,90.495635,82.565697,0,4.5
I03,485,90.495635,82.565697,0,4.5
I03,486,90.495635,82.565697,0,4.5
I03,487,90.495635,82.565697,0,4.5
I03,488,90.495635,82.565697,0,4.5
I03,489,90.495635,82.565697,0,4.5
I03,490,90.495635,82.565697,0,4.5
I03,491,90.495635,82.565697,0,4.5
I03,492,90.495635,82.565697,0,4.5
I03,493,90.495635,82.565697,0,4.5
I03,494,90.495635,82.565697,0,4.5
I03,495,90.495635,82.565697,0,4.5
I03,496,90.495635,82.565697,0,4.5
I03,497,90.495635,82.565697,0,4.5
I03,498,90.495635,82.565697,0,4.5
I03,499,90.495635,82.565697,0,4.5
I03,500,90.495635,82.565697,0,4.5
I03,501,90.495635,82.565697,0,4.5
I03,502,90.495635,82.565697,0,4.5
I03,503,90.495635,82.565697,0,4.5
I03,504,90.495635,82.565697,0,4.5
I03,505,90.495635,82.565697,0,4.5
I03,506,90.495635,82.565697,0,4.5
I03,507,90.495635,82.565697,0,4.5
I03,508,90.495635,82.565697,0,4.5
I03,509,90.495635,82.565697,0,4.5
I03,510,90.495635,82.565697,0,4.5
I03,511,90.495635,82.565697,0,4.5
I03,512,90.495635,82.565697,0,4.5
I03,513,90.495635,82.565697,0,4.5
I03,514,90.495635,82.565697,0,4.5
I03,515,90.495635,82.565697,0,4.5
I03,516,90.495635,82.565697,0,4.5
I03,517,90.495635,82.565697,0,4.5
I03,518,90.495635,82.565697,0,4.5
I03,519,90.495635,82.565697,0,4.5
I03,520,90.495635,82.565697,0,4.5
I03,521,90.495635,82.565697,0,4.5
I03,522,90.495635,82.565697,0,4.5
I03,523,90.495635,82.565697,0,4.5
I03,524,90.495635,82.565697,0,4.5
I03,525,90.495635,82.565697,0,4.5
I03,526,90.495635,82.565697,0,4.5
I03,527,90.495635,82.565697,0,4.5
I03,528,90.495635,82.565697,0,4.5
I03,529,90.495635,82.565697,0,4.5
I03,481,98.882206,77.874631,0,4.5
I03,482,98.882206,77.874631,0,4.5
I03,483,98.882206,77.874631,0,4.5
I03,484,98.882206,77.874631,0,4.5
I03,485,98.882206,77.874631,0,4.5
I03,486,98.882206,77.874631,0,4.5
I03,487,98.882206,77.874631,0,4.5
I03,488,98.882206,77.874631,0,4.5
I03,489,98.882206,77.874631,0,4.5
I03,490,98.882206,77.874631,0,4.5
I03,491,98.882206,77.874631,0,4.5
I03,492,98.882206,77.874631,0,4.5
I03,493,98.882206,77.874631,0,4.5
I03,494,98.882206,77.874631,0,4.5
I03,495,98.882206,77.874631,0,4.5
I03,496,98.882206,77.874631,0,4.5
I03,497,98.882206,77.874631,0,4.5
I03,498,98.882206,77.874631,0,4.5
I03,499,98.882206,77.874631,0,4.5
I03,500,98.882206,77.874631,0,4.5
I03,501,98.882206,77.874631,0,4.5
I03,502,98.882206,77.874631,0,4.5
I03,503,98.882206,77.874631,0,4.5
I03,504,98.882206,77.874631,0,4.5
I03,505,98.882206,77.874631,0,4.5
I03,506,98.882206,77.874631,0,4.5
I03,507,98.882206,77.874631,0,4.5
I03,508,98.882206,77.874631,0,4.5
I03,509,98.882206,77.874631,0,4.5
I03,510,98.882206,77.874631,0,4.5
I03,511,98.882206,77.874631,0,4.5
I03,512,98.882206,77.874631,0,4.5
I03,513,98.882206,77.874631,0,4.5
I03,514,98.882206,77.874631,0,4.5
I03,515,98.882206,77.874631,0,4.5
I03,516,98.882206,77.874631,0,4.5
I03,517,98.882206,77.874631,0,4.5
I03,518,98.882206,77.874631,0,4.5
I03,519,98.882206,77.874631,0,4.5
I03,520,98.882206,77.874631,0,4.5
I03,521,98.882206,77.874631,0,4.5
I03,481,121.08026,74.724838,0,4.5
I03,482,121.08026,74.724838,0,4.5
I03,483,121.08026,74.724838,0,4.5
I03,484,121.08026,74.724838,0,4.5
I03,485,121.08026,74.724838,0,4.5
I03,486,121.08026,74.724838,0,4.5
I03,487,121.08026,74.724838,0,4.5
I03,488,121.08026,74.724838,0,4.5
I03,489,121.08026,74.724838,0,4.5
I03,490,121.08026,74.724838,0,4.5
I03,491,121.08026,74.724838,0,4.5
I03,492,121.08026,74.724838,0,4.5
I03,493,121.08026,74.724838,0,4.5
I03,494,121.08026,74.724838,0,4.5
I03,495,121.08026,74.724838,0,4.5
I03,496,121.08026,74.724838,0,4.5
I03,497,121.08026,74.724838,0,4.5
I03,498,121.08026,74.724838,0,4.5
I03,499,121.08026,74.724838,0,4.5
I03,500,121.08026,74.724838,0,4.5
I03,481,103.4494,73.695309,0,4.5
I03,482,103.4494,73.695309,0,4.5
I03,483,103.4494,73.695309,0,4.5
I03,484,103.4494,73.695309,0,4.5
I03,485,103.4494,73.695309,0,4.5
I03,486,103.4494,73.695309,0,4.5
I03,482,137.76256,74.600829,0,4.5
I03,483,137.76256,74.600829,0,4.5
I03,484,137.76256,74.600829,0,4.5
I03,485,137.76256,74.600829,0,4.5
I03,486,137.76256,74.600829,0,4.5
I03,487,137.76256,74.600829,0,4.5
I03,488,137.76256,74.600829,0,4.5
I03,489,137.76256,74.600829,0,4.5
I03,490,137.76256,74.600829,0,4.5
I03,491,137.76256,74.600829,0,4.5
I03,492,137.76256,74.600829,0,4.5
I03,493,137.76256,74.600829,0,4.5
I03,494,137.76256,74.600829,0,4.5
I03,495,137.76256,74.600829,0,4.5
I03,496,137.76256,74.600829,0,4.5
I03,497,137.76256,74.600829,0,4.5
I03,498,137.76256,74.600829,0,4.5
I03,499,137.76256,74.600829,0,4.5
I03,500,137.76256,74.600829,0,4.5
I03,485,108.46438,69.174175,0,4.5
I03,486,108.46438,69.174175,0,4.5
I03,487,108.46438,69.174175,0,4.5
I03,488,108.46438,69.174175,0,4.5
I03,489,108.46438,69.174175,0,4.5
I03,490,108.46438,69.174175,0,4.5
I03,491,108.46438,69.174175,0,4.5
I03,492,108.46438,69.174175,0,4.5
I03,493,108.46438,69.174175,0,4.5
I03,494,108.46438,69.174175,0,4.5
I03,495,108.46438,69.174175,0,4.5
I03,496,108.46438,69.174175,0,4.5
I03,497,108.46438,69.174175,0,4.5
I03,514,108.46438,69.174175,0,4.5
I03,515,108.46438,69.174175,0,4.5
I03,516,108.46438,69.174175,0,4.5
I03,517,108.46438,69.174175,0,4.5
I03,518,108.46438,69.174175,0,4.5
I03,519,108.46438,69.174175,0,4.5
I03,520,108.46438,69.174175,0,4.5
I03,521,108.46438,69.174175,0,4.5
I03,522,108.46438,69.174175,0,4.5
I03,523,108.46438,69.174175,0,4.5
I03,524,108.46438,69.174175,0,4.5
I03,525,108.46438,69.174175,0,4.5
I03,496,170.58469,81.670407,0,4.5
I03,497,170.58469,81.670407,0,4.5
I03,498,170.58469,81.670407,0,4.5
I03,499,170.58469,81.670407,0,4.5
I03,500,170.58469,81.670407,0,4.5
I03,501,170.58469,81.670407,0,4.5
I03,502,170.58469,81.670407,0,4.5
I03,503,170.58469,81.670407,0,4.5
I03,504,170.58469,81.670407,0,4.5
I03,505,170.58469,81.670407,0,4.5
I03,506,170.58469,81.670407,0,4.5
I03,507,170.58469,81.670407,0,4.5
I03,508,170.58469,81.670407,0,4.5
I03,509,170.58469,81.670407,0,4.5
I03,510,170.58469,81.670407,0,4.5
I03,511,170.58469,81.670407,0,4.5
I03,512,170.58469,81.670407,0,4.5
I03,513,170.58469,81.670407,0,4.5
I03,514,170.58469,81.670407,0,4.5
I03,515,170.58469,81.670407,0,4.5
I03,516,170.58469,81.670407,0,4.5
I03,517,170.58469,81.670407,0,4.5
I03,518,170.58469,81.670407,0,4.5
I03,519,170.58469,81.670407,0,4.5
I03,520,170.58469,81.670407,0,4.5
I03,521,170.58469,81.670407,0,4.5
I04,495,267.27749,84.021775,60,4.5
I04,496,267.27749,84.021775,60,4.5
I04,497,267.27749,84.021775,60,4.5
I04,498,267.27749,84.021775,60,4.5
I04,499,267.27749,84.021775,60,4.5
I04,500,267.27749,84.021775,60,4.5
I04,501,267.27749,84.021775,60,4.5
I04,502,267.27749,84.021775,60,4.5
I04,503,267.27749,84.021775,60,4.5
I04,504,267.27749,84.021775,60,4.5
I04,505,267.27749,84.021775,60,4.5
I04,506,267.27749,84.021775,60,4.5
I04,507,267.27749,84.021775,60,4.5
I04,508,267.27749,84.021775,60,4.5
I04,509,267.27749,84.021775,60,4.5
I04,510,267.27749,84.021775,60,4.5
I04,485,85.725419,83.369587,60,4.5
I04,486,85.725419,83.369587,60,4.5
I04,487,85.725419,83.369587,60,4.5
I04,488,85.725419,83.369587,60,4.5
I04,492,85.725419,83.369587,60,4.5
I04,493,85.725419,83.369587,60,4.5
I04,494,85.725419,83.369587,60,4.5
I04,495,85.725419,83.369587,60,4.5
I04,496,85.725419,83.369587,60,4.5
I04,497,85.725419,83.369587,60,4.5
I04,498,85.725419,83.369587,60,4.5
I04,499,85.725419,83.369587,60,4.5
I04,500,85.725419,83.369587,60,4.5
I04,501,85.725419,83.369587,60,4.5
I04,502,85.725419,83.369587,60,4.5
I04,503,85.725419,83.369587,60,4.5
I04,504,85.725419,83.369587,60,4.5
I04,505,85.725419,83.369587,60,4.5
I04,506,85.725419,83.369587,60,4.5
I04,507,85.725419,83.369587,60,4.5
I04,508,85.725419,83.369587,60,4.5
I04,509,85.725419,83.369587,60,4.5
I04,510,85.725419,83.369587,60,4.5
I04,517,85.725419,83.369587,60,4.5
I04,518,85.725419,83.369587,60,4.5
I04,519,85.725419,83.369587,60,4.5
I04,520,85.725419,83.369587,60,4.5
I04,521,85.725419,83.369587,60,4.5
I04,522,85.725419,83.369587,60,4.5
I04,523,85.725419,83.369587,60,4.5
I04,524,85.725419,83.369587,60,4.5
I04,525,85.725419,83.369587,60,4.5
I04,526,85.725419,83.369587,60,4.5
I04,485,148.76563,78.426395,60,4.5
I04,486,148.76563,78.426395,60,4.5
I04,487,148.76563,78.426395,60,4.5
I04,488,148.76563,78.426395,60,4.5
I04,489,148.76563,78.426395,60,4.5
I04,490,148.76563,78.426395,60,4.5
I04,491,148.76563,78.426395,60,4.5
I04,492,148.76563,78.426395,60,4.5
I04,493,148.76563,78.426395,60,4.5
I04,494,148.76563,78.426395,60,4.5
I04,495,148.76563,78.426395,60,4.5
I04,496,148.76563,78.426395,60,4.5
I04,497,148.76563,78.426395,60,4.5
I04,498,148.76563,78.426395,60,4.5
I04,499,148.76563,78.426395,60,4.5
I04,525,148.76563,78.426395,60,4.5
I04,526,148.76563,78.426395,60,4.5
I04,527,148.76563,78.426395,60,4.5
I04,528,148.76563,78.426395,60,4.5
I04,529,148.76563,78.426395,60,4.5
I04,530,148.76563,78.426395,60,4.5
I04,531,148.76563,78.426395,60,4.5
I04,485,173.39379,81.924907,60,4.5
I04,495,173.39379,81.924907,60,4.5
I04,496,173.39379,81.924907,60,4.5
I04,497,173.39379,81.924907,60,4.5
I04,498,173.39379,81.924907,60,4.5
I04,499,173.39379,81.924907,60,4.5
I04,500,173.39379,81.924907,60,4.5
I04,501,173.39379,81.924907,60,4.5
I04,502,173.39379,81.924907,60,4.5
I04,503,173.39379,81.924907,60,4.5
I04,504,173.39379,81.924907,60,4.5
I04,505,173.39379,81.924907,60,4.5
I04,506,173.39379,81.924907,60,4.5
I04,507,173.39379,81.924907,60,4.5
I04,508,173.39379,81.924907,60,4.5
I04,509,173.39379,81.924907,60,4.5
I04,510,173.39379,81.924907,60,4.5
I04,511,173.39379,81.924907,60,4.5
I04,512,173.39379,81.924907,60,4.5
I04,513,173.39379,81.924907,60,4.5
I04,514,173.39379,81.924907,60,4.5
I04,515,173.39379,81.924907,60,4.5
I04,516,173.39379,81.924907,60,4.5
I04,517,173.39379,81.924907,60,4.5
I04,518,173.39379,81.924907,60,4.5
I04,519,173.39379,81.924907,60,4.5
I04,520,173.39379,81.924907,60,4.5
I04,485,189.95926,72.320989,60,4.5
I04,486,189.95926,72.320989,60,4.5
I04,487,189.95926,72.320989,60,4.5
I04,488,189.95926,72.320989,60,4.5
I04,489,189.95926,72.320989,60,4.5
I04,490,189.95926,72.320989,60,4.5
I04,491,189.95926,72.320989,60,4.5
I04,492,189.95926,72.320989,60,4.5
I04,493,189.95926,72.320989,60,4.5
I04,494,189.95926,72.320989,60,4.5
I04,495,189.95926,72.320989,60,4.5
I04,496,189.95926,72.320989,60,4.5
I04,497,189.95926,72.320989,60,4.5
I04,498,189.95926,72.320989,60,4.5
I04,499,189.95926,72.320989,60,4.5
I04,500,189.95926,72.320989,60,4.5
I04,501,189.95926,72.320989,60,4.5
I04,502,189.95926,72.320989,60,4.5
I04,503,189.95926,72.320989,60,4.5
I04,504,189.95926,72.320989,60,4.5
I04,505,189.95926,72.320989,60,4.5
I04,506,189.95926,72.320989,60,4.5
I04,507,189.95926,72.320989,60,4.5
I04,508,189.95926,72.320989,60,4.5
I04,509,189.95926,72.320989,60,4.5
I04,510,189.95926,72.320989,60,4.5
I04,511,189.95926,72.320989,60,4.5
I04,512,189.95926,72.320989,60,4.5
I04,513,189.95926,72.320989,60,4.5
I04,514,189.95926,72.320989,60,4.5
I04,515,189.95926,72.320989,60,4.5
I04,516,189.95926,72.320989,60,4.5
I04,517,189.95926,72.320989,60,4.5
I04,518,189.95926,72.320989,60,4.5
I04,485,177.19102,70.745648,60,4.5
I04,496,177.19102,70.745648,60,4.5
I04,497,177.19102,70.745648,60,4.5
I04,498,177.19102,70.745648,60,4.5
I04,499,177.19102,70.745648,60,4.5
I04,500,177.19102,70.745648,60,4.5
I04,501,177.19102,70.745648,60,4.5
I04,502,177.19102,70.745648,60,4.5
I04,503,177.19102,70.745648,60,4.5
I04,504,177.19102,70.745648,60,4.5
I04,505,177.19102,70.745648,60,4.5
I04,506,177.19102,70.745648,60,4.5
I04,507,177.19102,70.745648,60,4.5
I04,508,177.19102,70.745648,60,4.5
I04,509,177.19102,70.745648,60,4.5
I04,510,177.19102,70.745648,60,4.5
I04,511,177.19102,70.745648,60,4.5
I04,512,177.19102,70.745648,60,4.5
I04,513,177.19102,70.745648,60,4.5
I04,514,177.19102,70.745648,60,4.5
I04,515,177.19102,70.745648,60,4.5
I04,516,177.19102,70.745648,60,4.5
I04,517,177.19102,70.745648,60,4.5
I04,518,177.19102,70.745648,60,4.5
I04,519,177.19102,70.745648,60,4.5
I04,520,177.19102,70.745648,60,4.5
I04,485,139.99738,74.880932,60,4.5
I04,486,139.99738,74.880932,60,4.5
I04,487,139.99738,74.880932,60,4.5
I04,488,139.99738,74.880932,60,4.5
I04,489,139.99738,74.880932,60,4.5
I04,490,139.99738,74.880932,60,4.5
I04,492,139.99738,74.880932,60,4.5
I04,493,139.99738,74.880932,60,4.5
I04,494,139.99738,74.880932,60,4.5
I04,495,139.99738,74.880932,60,4.5
I04,496,139.99738,74.880932,60,4.5
I04,497,139.99738,74.880932,60,4.5
I04,498,139.99738,74.880932,60,4.5
I04,518,208.67927,80.551457,60,4.5
I04,517,208.67927,80.551457,60,4.5
I04,516,208.67927,80.551457,60,4.5
I04,515,208.67927,80.551457,60,4.5
I04,514,208.67927,80.551457,60,4.5
I04,513,208.67927,80.551457,60,4.5
I04,512,208.67927,80.551457,60,4.5
I04,511,208.67927,80.551457,60,4.5
I04,510,208.67927,80.551457,60,4.5
I04,509,208.67927,80.551457,60,4.5
I04,508,208.67927,80.551457,60,4.5
I04,507,208.67927,80.551457,60,4.5
I04,506,208.67927,80.551457,60,4.5
I04,505,208.67927,80.551457,60,4.5
I04,504,208.67927,80.551457,60,4.5
I04,503,208.67927,80.551457,60,4.5
I04,500,208.67927,80.551457,60,4.5
I04,499,208.67927,80.551457,60,4.5
I04,498,208.67927,80.551457,60,4.5
I04,496,208.67927,80.551457,60,4.5
I04,495,208.67927,80.551457,60,4.5
I04,494,208.67927,80.551457,60,4.5
I04,489,208.87931,76.454005,60,4.5
I04,490,208.87931,76.454005,60,4.5
I04,491,208.87931,76.454005,60,4.5
I04,492,208.87931,76.454005,60,4.5
I04,493,208.87931,76.454005,60,4.5
I04,494,208.87931,76.454005,60,4.5
I04,495,208.87931,76.454005,60,4.5
I04,496,208.87931,76.454005,60,4.5
I04,497,208.87931,76.454005,60,4.5
I04,498,208.87931,76.454005,60,4.5
I04,499,208.87931,76.454005,60,4.5
I04,505,208.87931,76.454005,60,4.5
I04,520,228.36200,75.920741,60,2.5
I04,519,228.36200,75.920741,60,2.5
I04,518,228.36200,75.920741,60,2.5
I04,517,228.36200,75.920741,60,2.5
I04,516,228.36200,75.920741,60,2.5
I04,515,228.36200,75.920741,60,2.5
I04,514,228.36200,75.920741,60,2.5
I04,513,228.36200,75.920741,60,2.5
I04,512,228.36200,75.920741,60,2.5
I04,511,228.36200,75.920741,60,2.5
I04,510,228.36200,75.920741,60,2.5
I04,509,228.36200,75.920741,60,2.5
I04,508,228.36200,75.920741,60,2.5
I04,507,228.36200,75.920741,60,2.5
I04,506,228.36200,75.920741,60,2.5
I04,505,228.36200,75.920741,60,2.5
I04,504,228.36200,75.920741,60,2.5
I04,503,228.36200,75.920741,60,2.5
I04,499,228.36200,75.920741,60,2.5
I04,498,228.36200,75.920741,60,2.5
I04,497,228.36200,75.920741,60,2.5
I04,496,228.36200,75.920741,60,2.5
I04,495,228.36200,75.920741,60,2.5
I05,490,266.04318,84.285331,20,4.5
I05,491,266.04318,84.285331,20,4.5
I05,497,266.04318,84.285331,20,4.5
I05,498,266.04318,84.285331,20,4.5
I05,499,266.04318,84.285331,20,4.5
I05,490,241.67465,80.850363,20,4.5
I05,491,241.67465,80.850363,20,4.5
I05,492,241.67465,80.850363,20,4.5
I05,493,241.67465,80.850363,20,4.5
I05,490,247.21436,74.272866,20,4.5
I05,491,247.21436,74.272866,20,4.5
I05,492,247.21436,74.272866,20,4.5
I05,493,247.21436,74.272866,20,4.5
I05,494,247.21436,74.272866,20,4.5
I05,495,247.21436,74.272866,20,4.5
I05,496,247.21436,74.272866,20,4.5
I05,497,247.21436,74.272866,20,4.5
I05,508,247.21436,74.272866,20,4.5
I05,509,247.21436,74.272866,20,4.5
I05,510,247.21436,74.272866,20,4.5
I05,511,247.21436,74.272866,20,4.5
I05,512,247.21436,74.272866,20,4.5
I05,513,247.21436,74.272866,20,4.5
I05,514,247.21436,74.272866,20,4.5
I05,515,247.21436,74.272866,20,4.5
I05,516,247.21436,74.272866,20,4.5
I05,517,247.21436,74.272866,20,4.5
I05,490,229.50739,76.063648,20,4.5
I05,497,229.50739,76.063648,20,4.5
I05,498,229.50739,76.063648,20,4.5
I05,499,229.50739,76.063648,20,4.5
I05,504,229.50739,76.063648,20,4.5
I05,505,229.50739,76.063648,20,4.5
I05,506,229.50739,76.063648,20,4.5
I05,507,229.50739,76.063648,20,4.5
I05,508,229.50739,76.063648,20,4.5
I05,509,229.50739,76.063648,20,4.5
I05,510,229.50739,76.063648,20,4.5
I05,511,229.50739,76.063648,20,4.5
I05,512,229.50739,76.063648,20,4.5
I05,513,229.50739,76.063648,20,4.5
I05,514,229.50739,76.063648,20,4.5
I05,515,229.50739,76.063648,20,4.5
I05,516,229.50739,76.063648,20,4.5
I05,517,229.50739,76.063648,20,4.5
I05,518,229.50739,76.063648,20,4.5
I05,519,229.50739,76.063648,20,4.5
I05,520,229.50739,76.063648,20,4.5
I05,521,229.50739,76.063648,20,4.5
I05,490,208.66476,77.181348,20,4.5
I05,491,208.66476,77.181348,20,4.5
I05,492,208.66476,77.181348,20,4.5
I05,493,208.66476,77.181348,20,4.5
I05,494,208.66476,77.181348,20,4.5
I05,497,208.66476,77.181348,20,4.5
I05,498,208.66476,77.181348,20,4.5
I05,505,208.66476,77.181348,20,4.5
I05,506,208.66476,77.181348,20,4.5
I05,507,208.66476,77.181348,20,4.5
I05,498,172.95044,81.551452,20,4.5
I05,499,172.95044,81.551452,20,4.5
I05,500,172.95044,81.551452,20,4.5
I05,501,172.95044,81.551452,20,4.5
I05,502,172.95044,81.551452,20,4.5
I05,507,172.95044,81.551452,20,4.5
I05,508,172.95044,81.551452,20,4.5
I05,509,172.95044,81.551452,20,4.5
I05,510,172.95044,81.551452,20,4.5
I05,511,172.95044,81.551452,20,4.5
I05,512,172.95044,81.551452,20,4.5
I05,513,172.95044,81.551452,20,4.5
I05,514,172.95044,81.551452,20,4.5
I05,515,172.95044,81.551452,20,4.5
I05,516,172.95044,81.551452,20,4.5
I05,517,172.95044,81.551452,20,4.5
I05,518,172.95044,81.551452,20,4.5
I05,519,172.95044,81.551452,20,4.5
I05,520,172.95044,81.551452,20,4.5
I06,509,250.46586,74.807909,70,4.5
I06,510,250.46586,74.807909,70,4.5
I06,511,250.46586,74.807909,70,4.5
I06,512,250.46586,74.807909,70,4.5
I06,513,250.46586,74.807909,70,4.5
I06,514,250.46586,74.807909,70,4.5
I06,515,250.46586,74.807909,70,4.5
I06,516,250.46586,74.807909,70,4.5
I06,517,250.46586,74.807909,70,4.5
I06,518,250.46586,74.807909,70,4.5
I06,496,266.81129,84.128469,70,4.5
I06,497,266.81129,84.128469,70,4.5
I06,498,266.81129,84.128469,70,4.5
I06,496,289.63923,69.985686,70,4.5
I06,497,289.63923,69.985686,70,4.5
I06,498,289.63923,69.985686,70,4.5
I07,497,267.56928,84.067259,30,4.5
I07,498,267.56928,84.067259,30,4.5
I07,499,267.56928,84.067259,30,4.5
I07,500,267.56928,84.067259,30,4.5
I07,507,267.56928,84.067259,30,4.5
I07,508,267.56928,84.067259,30,4.5
